32147496
32096567
32052514
32169119
32083985
32104915
32139372
32081636
32198191
32056407
32134278
32190290
32052846
32162476
32074550
32105680
32188753
32134861
32166607
32130038
32150748
32178711
32105090
32115733
32183901
32112977
32191830
32061313
32109011
32198267
32112886
32141569
32145772
32092748
32151274
32161941
32101510
32178593
32092539
32114094
32191813
32087777
32151334
32147628
32105637
32146445
32133578
32171740
32156224
32171075
32119825
32150796
32119961
32151335
32050080
32188484
32199474
32173574
32070465
32077441
32163030
32197339
32147538
32167445
32151613
32188482
32134909
32185669
32174069
32142596
32152612
32179860
32171074
32179150
32132744
32106567
32198146
32118533
32141279
32187489
32156332
32107119
32066525
32183864
32074487
32100486
32181672
32141619
32118391
32169830
32109372
32199479
32160889
32171059
32004066
32170865
32134800
32193904
32020029
32020915
32111295
32215956
32106852
32134111
32085840
32105049
32192247
32168463
32160684
32078596
32183357
32162211
32191675
32093921
32171952
32056249
32119824
31967327
32198166
32191173
31991541
32098616
32164834
32173241
32175703
32007627
32197085
32110742
32200613
32147731
32093211
32197060
32202343
32165502
32080992
32204922
32023775
32074480
32101683
32015507
32164708
32072569
32126197
32092911
32074444
32085839
32192424
32111449
32168162
32035997
32156331
32201376
31986259
32168465
32015508
32075877
32113991
32159805
32077115
32122468
32104884
32003551
32199792
32196678
32113824
32201353
32113508
32124990
32199457
32007145
32004427
32151324
32181864
32178547
32057769
32127124
32199105
32127666
31996437
32143502
32172672
32202993
32129805
32043983
32132521
32070753
32066541
31987001
32065057
32017984
32052373
32053479
32167816
31992387
32183934
32127517
31986242
32107577
32007643
32171191
32164080
32007143
32029004
32117569
32196627
32196410
32153742
32181483
32077440
32170806
31981224
32181874
32078069
31996494
32035511
32019669
32127123
32087334
32106216
32065221
32027036
32032682
32120822
32017661
32172669
32109444
32167180
32009228
32166600
32158961
32123347
32196430
32003646
32167153
32065055
32149037
31978945
31992388
32143990
32204987
32150360
32196933
32193831
32052841
32168464
31986261
32138266
32113507
32178716
32156648
32148172
32214086
32147516
32004758
32032529
32050635
31826992
32199182
32088679
32003000
32194290
31997390
32035018
32046819
32035028
31979013
32161408
32037389
32165386
32098422
32027573
32187920
31997618
32091386
32061335
32108071
32120312
32031264
31994738
31943059
32215952
32127122
32187929
32035431
32071427
32022275
31991628
32156330
32032497
32148173
32070391
32056509
32023682
32211279
32017662
32160148
32150527
32053148
31985790
32048163
32053579
32005086
32115186
32080990
32049602
32017153
32200400
32035510
32074516
32080991
32134381
32182811
32020836
32074719
32087098
32151320
32156329
32170559
32010938
32031568
32035030
32056397
32160149
32043982
31967321
32094336
32023680
32022276
32043978
32056235
32098302
32161107
31994742
32006657
32149773
32057211
32104911
32022370
32151674
31996342
32087125
32027631
32044389
32027035
31992886
32164083
32031234
32125269
32006656
32001309
32108351
32030925
32213232
32113505
32009128
32190908
32055945
32171867
32102621
32013795
32059801
32102625
32205204
32054045
32053437
32191764
32174053
31996413
32164084
32142885
32176772
32036774
32060789
32059798
32062645
32174267
32019667
32007152
32050059
32120965
32193905
32146924
32116147
32057212
32064795
32048740
32164089
32114744
32059800
32150576
32113846
32187007
32217649
32187921
32023684
32049687
32164082
32135587
32141058
32114074
32198275
32166128
32019636
32207910
32050060
32111262
32088333
32209231
32031481
32048815
32135584
32044387
32193305
32027812
32107200
31690127
32197059
32088598
32080723
32205220
32032614
32204758
32202336
32205349
31859605
32143123
32054124
32035537
32059799
32113880
32142938
32176808
32145187
31969714
32122469
32194944
32135586
32132747
32102777
32078595
32164091
32122812
32105610
32108160
32033967
32167823
32060933
32141588
32035269
32192233
32151318
32143519
32192295
32200398
32164079
32191174
32164078
32081569
32135585
32164088
32196628
32060680
31670218
31712093
32193906
32178954
32190890
32035428
32201449
32146554
32112887
32201972
32098094
32051073
32040190
32074786
31936476
32100667
32203189
32192711
32155431
32141570
32191676
32215581
32218558
32205073
32219814
32216009
32204757
32204750
32204755
32207377
32212240
32204751
32204753
32204754
32204752
32207679
32218151
32170560
32113506
32149769
32046814
32139299
31991079
31978293
32048560
32131906
32161968
32120458
32139462
32175797
32133152
32109273
32094505
32179125
32195311
32007135
32198163
32066526
32102140
32091395
32049463
32023687
32023685
32025790
32112336
32141062
32161092
32162456
32171872
32191623
32083831
32078967
32023340
32171754
32215548
32162699
32031583
32169616
32073631
32033064
32181901
32133831
32181873
32165541
32149771
32156607
32209163
32167166
32202041
32088858
32035533
32024976
32178769
32086236
32052466
32175421
32084674
32149049
32138488
32180175
32171076
32023681
32207592
32183930
32173725
32046137
32186951
32215613
32141624
32201554
32092388
32031590
32125418
32150618
32152082
32174129
32151326
32195887
32201983
32164424
32173287
32172550
32212122
32189489
31992390
32218554
32171389
32160971
32212881
32207591
32213786
32195698
32083643
32198066
32190575
32035538
32169673
32156101
32102726
32171622
32088678
32111114
32219057
32167173
32024089
32219006
32044388
32162702
32156327
32087623
32124995
32087122
32080993
31953166
32173188
32220178
32212103
32034840
32159234
32114075
32198713
32034637
32033513
32215365
32161990
32198986
32202420
32206694
32154505
32118645
32068012
32194239
32172228
32192294
32145714
32032674
32159237
32204756
32213760
32200663
32184131
32183920
32150358
31605093
32149036
32096564
32194980
32034659
32014114
32139552
32132196
32092392
32067043
32192580
32193638
32125126
32179910
32207255
32174094
32088335
32023427
32164092
32198130
32187818
32213332
31986258
32185921
32186711
32153144
32133833
32194034
32217556
32035811
32034899
32139464
32051072
32202256
32118641
32092296
32085841
32133153
31986264
32096566
32215598
32147715
32187458
32198190
32200654
32220181
32171808
31520081
32218340
32198708
32046816
32154287
31944312
32044814
32207032
32100877
32164090
32031570
32023686
32026671
32186278
32203970
32172226
32096116
32217658
32180140
32113704
32165854
32124506
32096395
32217609
32187834
32119083
32205092
32092391
32218915
32194995
32187288
32215760
32198776
32104917
32046815
32125362
31969317
32113197
32064855
32113198
32108460
32075786
32171450
32184129
32088344
32200109
32163542
31986257
32092483
32035507
32182347
32180426
32134116
32213556
32104907
32198754
32105052
32178970
32033514
32129670
32199615
32108359
32172546
32207676
32149770
32133159
32048501
32183941
32129518
32197787
32196083
32162896
32201080
32220177
32213231
32195704
32162995
32134205
32199877
32118389
32205138
32166310
32125129
32181488
32081428
32026148
32202641
32108352
32051071
32202240
32198985
32167747
32125140
32142972
32191691
32186894
32118644
32196707
32171190
32167181
32161940
32194253
32186952
32181990
32205091
32131537
32144890
32219428
32185368
32206052
32170800
32175069
32175068
32061200
32049601
32023678
32175070
32200634
32216248
32201354
32186277
32073161
32112082
32118639
32216893
32084675
32047258
31999307
32174095
32139463
32094225
32205267
32058570
32178768
32213152
32045966
32171194
32222122
32205269
32205186
32145716
32181969
32065520
32099934
32054787
32125873
32198005
31826359
32144116
32086938
32218613
32198915
32181903
32079150
32129582
32211963
32210742
32105632
32173110
32077659
32173576
32154135
32219356
32145465
32064853
32118390
32189277
32210236
32171193
32088847
32214079
32198291
32132184
32157266
32057788
32048891
32215579
32062875
32088339
32134681
32109279
32202646
32075365
32175637
32097201
32174128
32047895
32171189
32201335
32202401
32221306
32209164
32131908
32126292
32198984
32077996
32073213
32213337
32142651
32198983
32118640
32179659
32053470
32220991
32192583
32220986
32212942
32217607
32114193
32203363
32170027
32066206
32156680
32199478
32181795
32184209
32075364
32200489
32221904
32220829
32217547
32217534
32205306
32189286
32184276
32144176
32132096
32184216
32165426
32161414
32208495
32205284
32217754
32209548
32188586
32165414
32156682
32216186
32198153
32178762
32102793
32209558
32205342
32205334
32198184
32217532
32213339
32208493
32205321
32198147
32184206
32144115
32196116
32170017
32109443
32205232
32171869
32220862
32213506
32213487
32205354
32205317
32198178
32196079
32184201
32160997
32160996
32156677
32156675
32152001
32144111
32220929
32220898
32220878
32220826
32218028
32217705
32209588
32209549
32209542
32184208
32169967
32169866
32122881
32086235
32214231
32191167
32179533
32179517
32161028
32144096
32075783
32217707
32217522
32205356
32179567
32098875
14648488
32034638
32181807
32108862
32211816
32167524
32220877
32217530
32213480
32179508
32169834
32169833
32127353
32220899
32220832
32213508
32205309
32184205
32071063
32164085
32220863
32221003
32209544
32193174
32188602
32139397
32107254
32080369
32130973
32217520
32193352
32165415
32122875
32111656
32209539
32193197
32152010
32122876
32202553
32212981
32198179
32188528
32186279
32140538
32161091
32113504
32113494
32197093
32217555
32213482
32181577
32221001
32221002
32212930
32167525
32167245
32129842
32212931
32040667
32215807
32188445
32187463
32113495
32205822
32196453
32157233
32215590
32203324
32171807
32092368
32199996
32191588
32127703
32215647
32208485
32207540
32160345
32112072
32157862
32096396
32115732
32210483
32208486
32196071
32192541
32216114
32213335
32209551
32199074
32191260
32159735
32109012
32061284
32124000
32179122
32205711
32192278
32181680
32147378
32209559
32208010
32199471
32195703
32108857
32048818
32110875
32202260
32114054
32217719
32192586
32179702
32220865
32213646
32208497
32207994
32187459
32139521
32187634
32184199
32157235
32119823
32178767
32174056
32153166
31965067
32212140
32097202
32187887
32196655
32159775
32216803
32195700
32057210
32145216
32220989
32198988
32197002
32192281
32188598
32184232
32171067
32163908
32155273
32125432
32091533
32077901
32207541
32205120
32203977
32199468
32192279
32111645
32077933
32184486
32149035
32213325
32205140
32127711
32165057
32159254
32192550
32163102
32129672
32087114
32202257
32160316
32155302
32216110
32213775
32213305
32196544
32193299
32180224
32179380
32213336
32199142
32197108
32131142
32196995
32193300
32192280
32157847
32058086
32167489
32142621
32111649
32181904
32154911
32116200
32140732
32215641
32185635
32123986
32215589
32203709
32201155
32172175
32145717
32107548
32219471
32105638
32193314
32192816
32176361
32171063
32171055
32127713
32122250
32118392
32198918
32185371
32185370
32180173
32142785
32130833
32105614
32075791
32202635
32189460
32178774
32167538
32166511
32157848
32207680
32201156
32160299
32096692
32142979
32202647
32199889
32196406
32176775
32150752
32145190
32133964
32133824
32216132
32212099
32208139
32205644
32199073
32199072
32197098
32188308
32185369
32145829
32142399
32127126
32124733
32122113
32113509
32215622
32064856
32147407
32103284
32212141
32199864
32199494
32174055
32145275
32125453
32125413
32105641
32105381
32213329
32213307
32207256
32205271
32203708
32199511
32171062
32165352
32152595
32119647
32142773
32100062
32198004
32142639
32132669
32112966
32217618
32213267
32199880
32198987
32176272
32174054
32171054
32169615
32167146
32160451
32149486
32147406
32202489
32176356
32169565
32160273
32142887
32142398
32211820
31995857
32201339
32200399
32186661
32118393
32061201
32215461
32205709
32205272
32205119
32204949
32173458
32125934
32085850
32198501
32096367
32220236
32202659
32193883
32191341
32191259
32176764
32167533
32133825
32131914
32217082
32215898
32215677
32171806
32157783
32152059
32144127
32087216
32123989
32194247
32069388
32220344
32202513
32189463
32187421
32145766
32142622
32109274
32208494
32200994
32199470
32193550
32184128
32174284
32173855
32163699
32132379
32125355
32124179
32105633
32100487
32083328
32038538
32083409
32199469
32194236
32214232
32213488
32195687
32191143
32188590
32164830
32162032
32125371
32102141
32070466
32217531
32198989
32197274
32179123
32162990
32151714
32105304
32072255
32203671
32209226
32198292
32198152
32176257
32145363
32213326
32203680
32202002
32196087
32172227
32145156
32144591
32135077
32102856
32093461
32078048
32052064
32087116
32209554
32193330
32189428
32142886
32114755
32087115
32205796
32203710
32191340
32083728
32072794
32180157
32171882
32146721
32217624
32215896
32133962
32215618
32194981
32202911
32145217
32145215
32153167
32120913
32201054
32173883
32170953
32165205
32142626
32216130
32207983
32169574
32145715
32120386
32112549
32074258
32215931
32197957
32191350
32179126
32107911
31992880
32195824
32191689
32187460
32183937
32099716
32200645
32199943
32170625
32202977
32202421
32192856
32182724
32213700
32199493
32194152
32162604
32149043
32217650
32129843
32213507
32205268
32197096
32166350
32100024
32074416
32217657
32151325
32189010
32182131
32179890
32169400
32145402
32207257
32205336
32085846
32199941
32167442
32142928
32205937
32187257
32162679
32147577
32087621
32179137
32175437
32171390
32125452
32122430
32108495
32220243
32215535
32203757
32203672
32203188
32201224
32189081
32184132
32164077
32139904
32114746
32108087
32100976
32154877
32149768
32213081
32199510
32196983
32185863
32184233
32172487
32145719
32145386
32145188
32144097
32125458
32219674
32192578
32167853
32113510
32091134
31950227
32155444
32100876
32094589
31896597
32119980
32208140
32198801
32196700
32189136
32166318
32163140
32145189
32105609
32182409
32201889
32190904
32189175
32184130
32164401
32125455
32207068
32196426
32179106
32130047
32085849
32085842
32199083
32198615
32196391
32189015
32160942
32129508
32112859
32073353
32030926
32127125
32210741
32157732
32108459
32106462
32103652
32222121
32208138
32207674
32061066
32217525
32216653
32205399
32203269
32195699
32179908
32170898
32119884
32175719
32174057
31901986
31676884
32053580
32125642
32202722
32197238
32171866
32169481
32112857
32213476
32213330
32192582
32183172
32180292
32165283
32147409
32118394
32213224
32192297
32174096
32164053
32146921
32145186
32205856
32205270
32190785
32203693
32162081
32125130
32203186
32125133
32107909
32188819
32215977
32204990
32145768
32100979
32109013
32163698
32209118
32187464
32207542
32121356
32114745
32197104
32183935
32053389
32181911
32178975
32164087
32163697
32112714
32202258
32199075
32118615
32220180
32207189
32113196
32197116
32171951
32061311
32179140
32153171
32123994
32098289
32164400
22022266
32004165
32208481
32159317
32156144
32145466
32141280
32114747
32220179
32149484
32145214
32129583
32093043
32213269
32173572
32078803
32171057
32091414
32207208
32204411
32198088
32192627
32192296
32162212
32205458
32197103
32193037
32145718
32133830
32129581
32125128
32125127
32096366
32212779
32202261
32198834
32153168
32129580
32125132
32205090
32198775
32186172
32162858
32133832
32105562
32085843
32215691
32213268
32203437
32097725
32202064
32112884
32100485
32077661
15631713
32179124
32171948
32171865
32166939
32146694
32133829
32199938
32065348
32195705
32164086
32075152
32061198
32213647
32186171
32107910
32102279
32098019
32077789
31776657
32205162
32191587
32169498
32131151
32111113
32157849
32214286
32203711
32201338
32213270
32057209
32175814
32196387
32155789
32188776
32153170
32125131
32217506
32161416
32216872
32087820
32164081
32214083
32155105
32077660
