31391337
30837866
30935895
29910813
16597209
32132037
29257330
30611787
28813646
29869537
31446534
25974285
27449264
30132982
27374195
24416452
27127879
24362463
23894143
15110833
22164370
22263502
30567027
29469461
29508571
30891971
20819229
17094622
32185932
32125140
32065294
32045239
32010892
31976162
31972344
31950153
31945055
31918110
31894334
31846070
31841501
31790986
31713399
31713388
31643915
31635418
31623154
31611940
31603908
31589621
31581665
31542370
31511071
31498709
31465777
31451218
31440463
31433913
31433764
31398420
31383893
31376551
31371076
31285641
31284876
31271840
31243136
31234851
31222345
31213630
31208945
31184039
31087119
31080089
31078739
31040114
31037769
31035565
31035006
30991850
30954430
30952635
30952315
30951076
30917988
30899385
30893776
30875964
30842311
30832855
30779072
30775253
30775247
30770146
30740538
30737267
30700611
30696927
30690401
30687101
30662963
30651927
30635359
30626902
30599391
30565725
30551901
30531960
30519314
30505660
30466649
30451016
30450817
30446587
30364170
30359371
30350512
30348020
30338245
30329025
30274939
30272302
30258081
30211080
30189637
30165700
30143678
30142268
30125275
30110398
30098309
30083960
30081104
30068935
30053001
30023830
30019983
29960048
29954438
29953738
29935261
29902121
29882203
29869315
29856824
29855616
29843133
29802333
29783777
29736201
29733962
29728271
29721216
29663901
29651297
29603892
29568198
29556331
29545902
29544454
29529569
29528187
29487357
29486057
29480568
29440715
29435104
29432868
29402925
29378701
29378542
29358661
29291202
29291056
29278854
29251334
29226533
29197655
29196196
29130181
29113805
29113501
29046937
29031202
28978032
28969776
28903339
28877265
28861168
28828438
28824321
28793917
28781637
28780747
28685770
28675238
28642838
28634145
28632878
28627643
28606189
28596138
28575805
28561092
28551619
28532040
28531943
28529629
28515572
28500234
28471351
28437447
28418865
28418862
28414284
28389414
28376661
28372221
28367059
28344555
28344302
28323036
28318631
28284560
28271456
28270227
28235454
28233680
28138036
28137584
28081501
28063518
28054648
28049163
28043913
27993848
27980107
27939840
27888804
27872020
29469528
27631130
27793003
27742486
27424318
27652012
27646195
27633064
27613696
27571349
27545321
27542212
27535961
27520370
27508405
27497986
27492973
30146863
27469534
27460529
27438712
27413334
27405121
27401577
27374126
27363012
27356397
27338550
27331819
27294784
30129723
27226553
29469429
27197053
29469411
27160867
27097479
27097472
27049719
27026610
26975049
26964897
26930929
26917416
26912210
26882567
26879887
26873959
26848771
26820057
26810188
26792726
26788160
26784896
26767253
26767252
26716739
26709922
26703449
26687501
26643609
26503661
26499405
26452273
26434865
26410777
26361689
26320694
26309896
26297436
26272032
26263772
26254082
26245118
26234907
26226138
26219408
26186072
26152874
26118906
26116531
26094434
26079596
26068521
25988281
25970160
25940896
25911689
25897961
25897629
25785368
25782265
25775015
25730600
25708600
25706740
25634333
25600250
25469506
25434155
28911473
25394871
25375098
25345176
25345174
25345150
25338465
25331287
25310539
25286549
25286548
25282357
25234306
25210748
25204767
25174399
25093354
25003984
24980198
24945434
24929133
24912050
24892546
24822372
24800569
24756541
24750999
24740322
24738229
24738228
24736023
24732808
24659705
24640135
24625624
24561310
24552774
24534281
24490398
24490391
24490364
24490361
24490357
24490355
24471000
24454867
24358741
24348901
24327779
24273411
24174532
24058587
24024460
24024435
24019973
23984521
23956140
23908450
23894849
23894841
23894829
23812880
23755312
23687816
23614030
23596985
23593856
23593829
23459613
23453073
23373283
23373270
23373266
23340150
23333246
23295931
23254430
23236786
23151396
23133371
23110494
23012973
22998831
22987655
22970937
22910218
22829072
22799185
22774512
22774511
22590861
22576131
22533565
22479664
22474287
22436061
22393698
22379831
22336287
22308712
22237038
22215106
22195040
22171093
22164850
22164609
22164608
22164375
22164373
22096616
22059983
22047607
21936089
21932545
21871175
21864711
21762100
21752808
21685360
21685359
21531761
21254932
21203451
24900231
21058733
20806507
20668553
20594574
20585535
20508156
20503589
20380891
20298452
20215516
20131814
20067002
19919289
19852378
19772353
19771169
19716575
19706913
19695672
19565041
19426989
19225094
19160421
19115619
18853633
18543702
18454287
18441997
18262524
18226810
18085135
17962058
17762788
17716430
17705653
17692915
17663539
19070141
17639699
17588285
17438266
19071538
17252275
17175588
17160849
17153706
17097004
17040713
17037230
16951803
16832819
16356763
16333905
16328369
16198076
16172470
16146345
15984617
15969516
15710556
15648836
22469082
15482170
15468202
15366844
15357098
15347400
15334804
15296091
15287174
15285331
15266234
15250477
15215127
15198535
15198533
15108533
15043964
15043955
15042750
15038662
14969544
14749518
14730392
14706253
14628349
14620586
14557374
12971553
12904439
12781388
12667693
12572067
12567571
12452654
12451431
12412970
12405775
12392939
12351317
12219145
12113305
12049263
11958630
11908895
11827379
11682941
11440667
11339482
11273175
11270533
11198377
11163337
11124226
11006656
10946506
10903832
10888524
10855824
10842567
10777853
10715681
10707260
10680996
10631081
10492672
10481149
9921359
9921358
9920042
9850692
9745716
9745715
9699251
9653458
9608201
9588241
9566245
9566228
9563164
9463679
9445991
9418947
9386795
9230789
9307658
8953499
9015491
9026673
8830801
8812176
8673834
8767588
8713603
9033977
8956474
8955964
8706231
8700007
8620192
8745938
8527631
8555672
8551961
7676597
8531656
8834502
7810826
7709862
7848342
7799857
8061941
8170154
8055223
8214269
7993531
8490984
1431292
1342123
1307595
1452999
1342111
1342106
1299755
1501707
1514843
1627503
1585900
1377375
1728644
1536389
1343909
1343898
1765695
1944396
1818252
1932616
1919927
1953025
1942479
1796888
1717015
1844951
1795686
1719664
2066529
2023429
2021393
1809214
2092303
2128985
2103926
2124392
2168271
2360984
2186353
2300028
2217123
2085053
2511631
2768853
2604396
2535455
2513438
2649793
2593821
2703751
2646533
2814310
2672172
2631382
3418143
3252143
3226774
3199835
3401161
3278217
18964459
3350194
3242281
2451457
3450643
3447575
3328390
3677576
3425963
3507571
3604231
3578655
3689021
3684442
3615395
3509190
3151118
3031309
3602700
3591335
3780473
3796455
3820737
3726513
3726395
3519918
3941681
3447301
3834845
4088138
4036773
4067462
2996211
2860456
3977200
2860103
3909649
6334082
16031018
6495387
6463701
6541289
6463005
6746185
6731678
6713334
6749180
6715862
6715861
6464110
12902645
6636299
6625058
6138977
6359595
6339911
6852224
6841958
6843500
7182912
7155715
7155064
7146983
7140978
6923735
6890479
6810082
7095088
7173065
7043129
7084406
7179412
7158958
7038331
6918312
6763710
7299180
7299975
7345522
7343125
7322026
7310792
7300813
7196568
7028349
7196424
7272814
7330940
7268836
7259135
6976224
12902732
7229321
7221689
7454077
7192543
7386719
6993908
7415206
7381983
7380938
7355683
7455515
6975179
120505
390349
528461
486380
474363
483554
295652
396400
573081
487360
473521
572147
572578
555062
107817
12902772
12902766
751220
568151
355823
150092
651808
564650
555760
348055
308408
307458
307443
602519
919530
563393
20196
877439
19884
927344
849021
319991
832593
855176
1021441
1033722
1016165
994133
966708
955553
935916
992784
1265984
1024136
1024134
1264021
1032289
1206214
1214747
1162691
1103685
1216636
1151771
168337
1218600
1162734
1209964
1177823
1173210
1134039
1093396
1235499
1235497
1232085
1146377
1144814
1109762
769059
4434852
4617313
4447397
4472176
4215957
4434872
4854307
4459698
4832073
4830735
4826362
4421183
4418538
4149214
4783469
4745235
4273957
4742920
4771651
4724018
4717273
4770431
4805423
4805411
4805410
4738286
4755678
4572292
4347763
4805680
4805405
4777401
4633929
4666049
4666440
4661482
4560453
4571826
5086339
4669836
4653053
4625511
4576308
5143866
5163685
5140684
5153946
5104641
5136916
5152952
5553262
5162370
5159154
5478042
5425497
5527555
5424382
5430468
5443972
5484540
4245559
5482478
5482468
5449054
5310954
5358858
5380277
5372136
5810557
5801980
4180173
5814048
5785723
5392416
5260975
4303825
5761133
5717174
5191741
5727989
5760417
6057575
4862697
6068399
6053544
5599079
5589390
6068471
6040926
5628906
22413205
5988444
5987632
5949469
5930181
5295690
5888284
14339358
5889012
5899779
5871374
5294831
14348592
14336319
14304469
14345010
14314936
14310914
4225023
14253647
14225339
14331783
14331782
14250137
14183098
14161875
14219166
14140360
14216232
14198837
14197234
14346904
14247484
14103830
14096018
14090231
14091743
14081704
14081703
13959026
13958299
14010769
14123252
14122999
14056285
13959027
13927702
13945563
13866944
14034510
13859683
14477930
14473215
13912883
13705351
14484505
14005427
13917885
13911864
13899472
13898641
13723716
13680940
15445386
13776855
14484506
14910715
15428544