25026284
26150554
19355928
17038621
29529025
31695480
26431211
23603512
18423931
29881350
30254716
25773528
26578686
30738214
29432282
25667084
24814195
30025893
26683100
29970506
12967666
27039057
32547603
29328372
22743331
26770238
26461092
30452757
29670681
29724080
26797279
23640897
31752013
24812285
25429711
25472572
26419537
32054096
30129654
31649851
22610403
32040545
29949152
23046823
23389448
27432815
27280975
25866088
20624856
32452864
29099866
29433733
31601422
25760224
26832797
17896924
20395366
31773668
28560380
31900915
21521171
16236254
10698260
26279492
28075524
18385518
28276427
26998221
28808999
22286761
31554904
24654454
31296961
31681566
29942794
24374933
22159760
14602977
31180040
30386303
30701022
23471411
29628875
18299344
19965665
31106457
24339840
28289076
25883770
21873240
26117317
29049183
30414160
25053419
18393360
16258256
27378691
30849417
21245099
23431056
17430594
19860666
30017657
28881594
19787258
29026190
28076775
22112832
28246104
31032430
20332230
30791546
25344740
16230533
19064725
21593194
27596294
30224934
30277841
25745998
25984447
18828672
29131261
32558266
24864229
26087196
30518879
29658607
19221512
30980364
19149582
28416635
26470790
31951855
15691653
27845446
19436953
32210076
20386868
31181871
27812538
29258239
31797655
29194075
17765928
30402830
25814322
19965658
29572378
20176048
31765819
27645900
27880903
28006785
25119572
32492870
20411034
19148185
30987204
24583476
28465359
32572699
27840901
30940448
21911455
26589882
16453021
25017123
31875163
23532334
17577629
18208360
28533928
27502996
31571332
29593330
23878722
21431325
24345884
18644865
28179884
20862312
32223380
29654491
19686213
21108734
27651778
24251781
23386997
31290459
25647160
21804606
27390624
32216738
19103192
26526775
17621670
20351289
26162687
18230695
19955481
24757526
29305909
28774834
22978663
21076081
17234971
16424281
27058291
29463809
25283596
27071935
31425691
26795736
21303813
21845174
27694344
17023606
30064475
23934892
31391072
19056657
20824162
28770020
26791483
26657850
25079327
32050950
26621912
25323477
18235241
23153516
31838633
27684411
18703049
24874076
15192154
28841705
26959365
19564415
24931331
23733789
22209898
22732497
21303257
19858418
28781621
15641016
30172378
17141627
27309807
29958885
32596283
22761781
22094256
18927504
23239738
30910803
32140899
28627974
29250065
16054032
31036756
23318431
29445193
27525480
31152844
31085234
20523723
24753158
29472530
15820683
23770121
31232159
30261584
30568504
17986386
29493066
32336666
19491292
21777227
18054311
31987036
26236688
30779316
23059819
30906219
28371201
32436944
25356864
31590970
32100373
32001380
32104198
28286268
19001041
20213318
30459283
27452907
25202904
25484085
18555664
26505883
30647760
21909393
17258205
31195688
26936268
17618288
25583261
31373443
30604696
31221779
21834846
19850732
19887561
31788059
29866946
29620242
30321587
26344693
28549065
30717214
20400365
24226028
28566428
28251407
22422102
31183379
19162061
26899496
24292657
29540677
19416966
18300570
22351686
30120944
28205147
31579605
26802145
32636256
31809711
31802347
12493691
24985976
30348793
27642518
15610763
12908874
28659828
23800068
25889856
26303641
15350195
30367545
29374168
32162616
32161087
30119209
25520513
26224873
30730955
23970205
26904395
21209015
19584310
21332026
23592131
28468801
30125992
27094710
25554016
25391374
21901254
31264342
24047697
15112990
28624654
30909436
18434551
31150649
17609438
30756429
30321450
20888662
21835778
27881238
23946796
22870349
20930691
26516161
30569095
30362516
32378578
31461843
23583951
30973878
31177355
25210800
31081218
24068327
29344415
24866763
24282087
30518851
26107817
28666105
32391055
29404498
28849190
26774367
12228231
17202334
17563745
24660778
12506011
25738752
19118491
22956852
31567880
27498785
29175105
15254408
18396138
25660117
24422600
25022271
20513639
23554919
31648985
25159142
27085470
29017179
30558122
24918286
16751106
24122720
21926415
31803541
28134973
29034337
20609265
25836756
25114706
22378780
27060196
31481652
28437727
23774695
31435270
25721362
23029137
28705772
24862759
31115518
32473456
22361633
31933819
32230714
30081074
29380557
21777391
31111462
28765909
22155175
22467649
25830239
14527951
31392101
29064820
25104573
32460371
19720829
17509519
22555369
21713995
28924380
32273342
27895094
27890702
26718425
28769986
25415049
27687893
31970141
18079735
23045346
22761954
25048913
21565608
20700440
21145501
25680404
21460183
31462971
29557749
32451753
21892924
29950684
19103600
31212215
32027543
25231347
23726895
31400753
24437485
32652671
25407338
32532322
23509272
32180804
30841462
25078449
21215704
22280162
28400847
25537191
23635401
18235502
22139133
28429752
31198626
21242976
25491943
23171949
26198749
23325575
30953268
29700419
31548560
23146905
31693882
22396894
17917149
18177722
23390247
22771995
31908034
31503425
23995784
31572724
30423886
26796881
25766325
27924057
31720741
27657059
18241326
28316065
16054033
24372326
19470406
27541266
19764929
31056877
26597586
17934462
28928749
26193342
31439835
26438629
23541574
29800603
23806868
20227501
23827971
31962236
27291707
30258927
23803610
32390397
27528030
32651410
30607007
28783126
16965535
15496475
24327805
29515755
15551757
29045932
32457601
22856430
25365263
19160093
31545420
32293958
25480585
23363009
30678435
30451831
28733463
20959475
20706209
24260294
28646172
26559067
24461365
24981831
23267878
22930530
28209779
19349976
21537430
27558892
25337985
31420939
31986488
23542362
26252766
23525956
22912816
28972303
21458454
31424263
28594286
23497627
27886395
19533653
17655499
26879603
31958024
24933099
27286657
27608947
32037603
29731967
29311118
17052183
30008265
28510048
31210305
32441762
25908760
31967936
27713910
30923750
19959771
30511588
16354679
30239736
26422009
24535192
29137289
25121614
27916456
30286156
21304824
30311575
28973411
12970676
30460727
23341633
32291390
30994730
27812983
15662024
27616439
25530715
21324320
25369914
28571752
25485499
24524901
16502262
31261643
18687668
26415052
31959225
21967760
32281255
15331597
28971552
32424140
31575382
24948874
30936457
32006377
32279604
32395522
25170874
24393856
29057166
21718780
24982916
20371624
22056878
31307923
18301748
29992138
32217667
26376801
31503391
29768017
18728216
29691711
29915392
31781320
23218401
23378341
30935402
31185958
24140475
26574636
16288037
18687378
32651364
19260765
25541994
30842454
21816244
26854551
26496836
28775361
21497580
18089711
24882066
24133012
27602319
20565867
25330189
29443638
30910908
21217822
30353018
30353013
24550841
22090473
31005653
26683690
22336587
28914586
26805019
27187374
18676815
29065837
21871000
27565173
27897112
29182561
25419847
25714619
31849924
27713427
30365091
29152379
23535211
32348224
19609973
32118349
30244172
26366215
18458087
22406322
30497054
29522556
20613724
30305342
19139420
31448575
31796819
20139145
32003757
31942195
27323802
24374755
21804543
20603315
23845738
19119860
29255496
28783736
30488792
17875680
22568582
30799283
23794708
29895969
20215638
23531205
20419098
26820181
31873138
28879560
32452339
31737116
24516399
27881235
26771440
32636682
25533473
23153974
30525236
25462069
32225123
29565484
20364113
27809618
27127880
25480637
20484037
22879911
32534332
31937813
32234491
28011637
28835615
30944351
19718893
26643256
24632412
30195786
21209831
21443682
31990987
21821120
32355577
24292813
23757118
18336616
16839734
15692560
25951043
26004342
28132926
17959034
20844315
24184665
32003441
18426407
27458175
25341033
32471201
28220348
20169663
31694991
19784964
31270945
30077708
30703342
26936649
31894999
32154977
31532714
27499140
28431241
28104912
32043035
29138094
16684889
27919684
25849655
27906968
28293627
29392537
24244197
32135469
31772378
30066886
22387599
31807058
16890541
11237865
30996073
28179017
21336599
28164444
25920570
28562327
29301589
28806394
31285369
23587542
31166463
32375897
17496928
32598178
20688956
24041992
23791885
30873387
31560952
29745842
23613560
29731749
28704100
32033461
17090700
24085402
30192051
26015570
15052637
18757300
28401644
32354126
25013807
30172026
29703888
32340146
23492773
24077281
27443962
21719444
29435587
27811373
23468654
31572500
23271974
25625517
23418729
23827718
31025257
22178470
25330323
26849905
32105783
21106911
22025499
24317200
30905669
25917549
27207509
32160093
29079711
20716958
29411439
24229603
19917721
29290950
28803777
20590843
23193674
31708933
27623524
31661141
27922192
19901535
31540229
31595424
26919107
26871945
31089750
26123392
26053620
29075860
16530049
22866967
23284299
30478887
32397324
27401555
31574259
30944027
20064603
30980385
32307200
10393805
19623194
18562277
26431963
25184156
30941896
26186945
23602701
23920411
19933843
21393426
18687691
30096128
29967111
27210502
31414341
31338813
25720500
27062697
24806432
21909397
22311672
16166289
12893776
22574120
23768641
31544588
32030813
32544425
29940336
26025205
26399365
30526769
30304690
31197106
32621158
31571030
22396654
29053707
16875671
27470586
30485839
29080747
28894133
29178319
26540566
30909600
31074088
19165865
25172912
23948278
19140320
29858093
32222676
28466777
25470293
31825292
24909620
24376725
24349482
31169343
29524195
26877087
23859953
26792697
29936262
22941421
32104194
26984256
23894440
29902502
29899118
16950602
20195385
23342163
21536589
20397318
20146713
24130091
18006475
29032608
15802492
20231287
20058239
21241768
25412775
18845647
24845612
28195122
17276923
32576868
20455852
27892697
29655687
31638237
27343431
23443784
21926463
30900023
20651833
19911116
18239069
26195352
23250986
17374662
26740175
31919361
24646893
21486222
29533771
30142450
28766017
25960215
32087690
26318906
26086369
22562251
25835220
25534920
18360030
29361949
22146320
24669284
24120971
21974806
19293636
29902866
23624434
27512793
28086197
27852975
12690206
32000779
27470385
27082444
17234883
21471153
23343193
31531373
24968248
32272418
30400005
32519453
28911141
30482403
27565812
23844554
29927939
30597786
31637660
16916907
19218339
18804164
27197147
17909003
30814111
25290246
27424778
30728292
12482965
30103847
18487207
28440481
29661273
30597174
16423457
27091996
21259047
25395356
23492774
32311379
30682495
25322548
30318707
20203043
15934941
32058941
27166089
12464387
10102273
28528184
19473970
28487115
28676501
30709424
31146888
31429737
26151481
25127866
26635120
31801714
17680780
27090484
27692173
22997544
15253933
21723941
31219365
23233736
24950290
19587525
31002815
23916784
21131356
21965739
32228656
18282106
30696075
20054340
18273051
19050264
31684967
15024056
11154281
24703869
18358814
19041334
24304724
15613482
28499802
25893985
24458747
18787191
18342481
17147976
21900687
16690749
17522055
30825264
17339844
23086522
22992992
30311248
29845245
24416379
23593018
27074822
25118236
30648357
22513101
29659518
29128891
24945623
24009527
18992839
29355710
20662004
24842883
21084642
18794113
26774480
18202391
17266679
28128356
23049887
21525355
31940823
17470130
25595581
31434700
26171786
23292098
17575143
28241075
24677652
23601134
28989024
26318418
22833338
32619406
28407698
23911329
21980302
25057926
24846141
18057776
26260111
11278373
23624712
31017874
23721881
19861158
27773573
29925517
26827953
24332851
25823655
16397234
30948926
30774023
24766860
18372227
28164237
18615585
19465083
16009721
17339365
24077633
28741371
26219891
32609955
31277577
17257591
20233868
29880481
28814987
30316800
29926075
29423932
17384242
24484175
20460307
25655933
14597233
20808831
31842414
27694219
10910908
18069916
29360760
22930444
23160481
20114038
28820880
19285077
26675309
26941182
19302476
27126913
31775841
18492780
26474173
16946303
28114319
20211690
19594484
30548426
30038380
24690889
19940129
26336926
17190839
22590567
32393046
26271894
23392169
19039330
20627085
28821161
25837223
15734849
20348951
21664581
31415568
28655554
21443457
21654193
20504360
31518555
24760998
28436000
12130673
29368982
30729873
31069492
22362515
27513844
26654242
27412469
25791921
16888645
23344263
24953710
24750786
25948105
24416132
20940403
18826227
22209681
28434978
18397876
17491598
31399646
20926980
22713244
19424579
27434075
18192224
19767770
15927518
24795222
24526667
30004006
29710817
20560429
30213025
22935616
19489743
23302782
18413794
18832074
21478156
16228971